alpha: 1
mse:	57203.400138
mae:	212.649192
mape:	0.068913