forward:
mse:	21486.647465
mae:	123.631865
mape:	0.041355

backward:
mse:	28405.397761
mae:	131.483390
mape:	0.044474