backward:
mse:	56203.574180
mae:	194.055500
mape:	0.065167

forward:
mse:	17271.395394
mae:	102.116608
mape:	0.035209