mse:	15928.350955
mae:	99.616838
mape:	0.032095