mse:	86186.087349
mae:	248.711374
mape:	0.080689