alpha: 1
mse:	66298.929933
mae:	240.693131
mape:	0.077986