forward
mse:	10266.269522
mae:	81.802968
mape:	0.027693

backward
mse:	25527.610042
mae:	132.822364
mape:	0.045089